Number of buckets | Bucket size

   1 102
   1 115
   1 116
   1 79
   1 87
   1 88
   1 89
   2 101
   2 76
   2 78
   2 86
   2 92
   2 96
   2 99
   3 75
   3 77
   3 83
   3 85
   3 91
   4 69
   4 72
   4 80
   4 82
   5 67
   5 74
   5 81
   6 73
   8 70
  10 61
  10 65
  10 66
  10 71
  12 68
  15 62
  15 64
  17 63
  18 60
  19 56
  19 59
  24 57
  26 51
  27 58
  28 55
  29 54
  33 52
  37 53
  42 46
  43 50
  47 49
  48 48
  57 47
  60 45
  70 44
  73 43
  89 41
  97 42
 102 40
 104 39
 118 38
 147 37
 160 36
 167 35
 184 34
 201 33
 230 32
 250 30
 251 31
 276 28
 317 29
 321 27
 359 26
 395 25
 419 24
 475 23
 525 22
 571 21
 617 20
 651 19
 709 18
 783 17
 785 16
 881 15
1030 14
1142 13
1220 12
1421 11
1544 10
1809 9
2101 8
2289 7
2709 6
2980 5
3090 4
3606 3
4258 2
6611 1
